{
  "yMultiplier3": 2.2000001627020538E-4,
  "pointAmt": 68,
  "yMultiplier2": 2.0571429922711104E-4,
  "pointSize": 6,
  "yMultiplier4": 0.0036571428645402193,
  "transparency": 60,
  "fillOfBackground": 23,
  "xMultiplier4": 0.0033428571186959743,
  "xMultiplier3": 1.5428572078235447E-4,
  "xMultiplier2": 1.1000000813510269E-4,
  "yMultiplier1": 0.001471428549848497,
  "xMultiplier1": 0.0019714285153895617
}