{
  "yMultiplier3": 7.700000423938036E-4,
  "pointAmt": 76,
  "yMultiplier2": 8.942857966758311E-4,
  "pointSize": 28,
  "yMultiplier4": 0.00391428591683507,
  "transparency": 38,
  "fillOfBackground": 54,
  "xMultiplier4": 0.004428571090102196,
  "xMultiplier3": 9.585714433342218E-4,
  "xMultiplier2": 8.728571701794863E-4,
  "yMultiplier1": 0.009757142513990402,
  "xMultiplier1": 0.00807142909616232
}