{
  "yMultiplier3": 2.528571349103004E-4,
  "pointAmt": 76,
  "yMultiplier2": 6.557143060490489E-4,
  "pointSize": 28,
  "yMultiplier4": 0.01062857173383236,
  "transparency": 38,
  "fillOfBackground": 54,
  "xMultiplier4": 0.011885713785886765,
  "xMultiplier3": 1.657142856856808E-4,
  "xMultiplier2": 6.385714514181018E-4,
  "yMultiplier1": 0.0016857142327353358,
  "xMultiplier1": 0.002528571290895343
}