{
  "yMultiplier3": 1.500000071246177E-4,
  "pointAmt": 47,
  "yMultiplier2": 2.0571429922711104E-4,
  "pointSize": 50,
  "yMultiplier4": 0.010485713370144367,
  "transparency": 38,
  "fillOfBackground": 49,
  "xMultiplier4": 0.0033428571186959743,
  "xMultiplier3": 1.5428572078235447E-4,
  "xMultiplier2": 1.1000000813510269E-4,
  "yMultiplier1": 0.001471428549848497,
  "xMultiplier1": 2.1428569743875414E-4
}